39437
06148
46611
46839
20564
39730
39173
14329
14352
12273
09403
02780
32719
09268
17494
37908
39517
03975
40548
11404
37573
31686
15016
06945
15577
09912
46885
16771
17153
41813
43610
25384
31289
01013
38648
20927
13604
08382
17040
19996
09945
36231
25359
01681
45456
40978
16021
25213
36758
12514
19830
28583
09084
03954
10850
32450
00910
48268
41812
05569
19263
05975
46155
22433
23199
42693
31470
24053
03095
13447
21326
32732
35055
06237
43232
11114
34961
15343
21507
31612
25978
30576
46713
43954
13190
40845
43275
45467
03594
24237
46307
33083
07922
42716
00348
22326
24909
31169
00491
02775
13049
28143
11129
02493
19422
36922
01506
06361
26283
12571
12069
48616
03229
07146
05423
38122
13595
24975
47415
11594
40031
46858
26040
41388
19559
09978
36524
18193
45393
37551
30481
46254
29673
22917
02149
06717
13711
24860
36839
22924
06223
45584
42044
46855
06454
33523
10844
03785
01356
39525
19544
48961
37790
36431
08565
39786
47421
14827
28431
34428
10782
12346
22728
44946
23842
02685
08373
33185
44594
37280
40975
02679
13945
09703
00219
11723
17714
16715
00308
44392
06866
40542
14643
30783
08494
22007
00651
36675
44637
00730
32737
12308
17324
09228
23372
42181
09614
47278
40846
40146
16974
29004
42788
22376
08238
24549
11261
08910
11277
35018
33825
18747
14462
06523
21969
42529
25873
42184
32983
49142
48198
13496
26233
36246
10871
08004
44373
17223
12423
34641
48373
19870
40265
43173
17126
21409
27994
34799
34462
02997
26979
44640
14686
25183
41273
03077
26634
05882
45813
13666
41071
15130
41465
06337
42220
17599
20786
24715
34826
13529
34805
38430
45068
14063
38270
07643
30882
46564
10669
36832
00791
39795
33984
02988
25584
14324
09113
47597
19600
22678
46035
21566
24841
32487
31801
01065
17267
04087
22685
32958
11252
45667
21164
31417
02518
17929
14626
36984
06802
11972
06820
18503
45856
47765
25926
31110
00722
48985
34702
19024
17789
22589
02384
47655
34780
41664
30341
27592
27799
34309
09696
45510
24317
47386
00625
26653
13887
16618
13108
17968
13267
39923
04099
38535
16047
37941
31463
45990
10803
17458
43475
19623
10427
19784
14516
18984
23719
20963
38982
11908
05299
08066
03682
48458
00667
12691
01057
06991
16354
25435
47888
47449
15858
04496
36798
47078
08468
45412
11575
02067
29682
41026
01152
34456
31613
40763
04722
38273
12249
17753
10766
03549
48910
18109
25502
12897
43411
40422
45443
39263
39728
48078
11875
16379
21982
18414
46731
03663
48263
14719
41217
38528
04014
19867
27319
29855
28449
14952
34959
42672
08907
26379
37503
47892
14105
36794
46706
09409
21503
31661
31714
20383
40992
39444
18466
01000
23414
32138
00588
16668
05513
12708
23937
34088
15500
37260
43059
29086
47590
17101
28013
09500
35006
40645
21957
29523
44380
16198
03684
44523
18303
20818
04104
03293
22118
33112
24994
36954
40775
19045
41353
42019
23203
06688
06848
24152
01096
04594
01837
02814
05045
16282
48564
41102
46737
29162
11288
38893
04124
03121
19639
33889
21894
22005
37581
32576
39704
02405
02529
38845
05468
32329
28451
41583
46829
25212
32826
13532
29358
10877
34034
23919
08070
22777
41618
35513
46520
04028
22756
16244
26616
14013
17299
33734
33116
10963
14765
28613
25563
09140
45967
34926
33445
29856
19304
31793
11798
13549
38100
10659
13988
03934
16503
15453
37516
06321
32842
42579
44488
35247
09784
04200
11863
14525
03442
15214
19614
18900
24633
35613
18632
38728
22724
22723
44501
26479
00916
42886
01534
15357
40901
04633
09087
09255
34215
22793
47434
24851
02162
34984
24228
34065
18257
47302
03313
14966
19631
20051
14992
30997
43668
24717
35087
25159
47291
19503
03239
03280
35120
37292
20578
36870
31880
24584
35026
09834
48480
44286
44450
17977
41374
07868
16866
44773
36292
25032
14630
20926
25942
35148
02704
30551
45512
08467
03917
19305
31195
26278
46413
28105
09122
27205
33305
00618
46924
29370
00290
04694
45271
29367
44483
07784
04305
04729
19382
45045
13952
08303
18235
27651
38340
47199
30063
39510
07736
48604
08633
17662
40778
09477
23428
01016
08642
26772
23173
48960
48656
31698
05778
26676
08784
29204
48429
21022
40679
24051
34842
26489
01359
29171
24344
14041
40738
44692
47541
03382
20458
43990
28916
02577
15530
31521
31147
07493
10790
22068
18637
41549
20971
48958
15253
28796
18373
32405
07743
46800
40388
34106
48858
00538
32642
40638
43728
21185
39204
39971
44232
06695
48704
19594
05337
12537
20423
27478
31390
01476
10284
29623
13486
10990
01512
07976
04516
11284
40237
43867
17897
21345
31261
14968
43366
47158
18093
41962
08469
10805
11394
16838
18995
31398
44243
14069
07456
15526
09218
22507
31141
22466
26046
34209
21652
16949
35323
25011
20911
34939
08730
04875
05648
02248
40644
31403
23096
32197
03220
00620
29140
02561
17962
22069
44789
29723
46917
03191
22597
14811
19974
32236
18711
48391
30229
05071
12735
11401
22211
24180
47521
19349
39587
31240
07538
09791
03660
33901
46231
17791
19131
37746
00293
43203
18055
27986
00458
23768
44122
29276
10700
23629
30145
12371
38610
34850
45506
30765
42444
47864
00143
39675
45859
48880
47142
03568
26060
17628
38537
44689
42257
16761
31896
45508
01133
09875
00307
10895
30845
02987
01160
09603
14190
12500
01795
36167
01309
36430
07707
13329
20106
02594
11816
30216
25383
10469
21611
00545
33989
21062
22698
43022
09152
04475
44781
43700
16544
11137
16455
37813
37188
25868
23848
30382
19813
37329
15236
15280
43716
29249
18147
03318
09984
23498
19722
44819
16785
12232
09868
26684
21707
03717
18350
23557
46429
42880
29132
16873
07670
05396
16286
42306
04708
46668
15163
43446
45253
24778
48304
22122
48011
26756
10552
27956
12599
46421
49121
22023
08906
01704
10107
34471
41646
32627
34078
41982
13930
25290
28696
19302
46099
48566
03300
14436
44643
14778
31525
01582
13466
38563
40804
24122
31723
08890
36625
35285
01470
00062
03000
05491
37029
31675
07557
00336
24287
13703
15483
40925
13392
44260
20424
45669
33477
17783
32918
18205
37549
05087
07926
17455
25882
40525
33664
13304
17390
23844
27935
11496
34515
47153
48104
14387
28616
20973
21092
47553
34503
06419
29954
33217
12175
08539
13615
01438
14846
47396
48801
00975
48799
35805
31017
46746
35932
04417
18846
41814
07985
21367
09075
33353
09317
26319
09219
41395
06125
42468
44361
47073
00194
17403
10186
22359
05682
19718
39394
06222
05800
10961
33849
42256
23172
20853
35263
14557
22944
28676
42040
47456
45624
29645
36781
37389
29624
13395
44110
14985
26604
48520
12311
45777
35875
06192
09530
36037
32154
46435
01505
43781
43482
25329
36909
13783
00745
24445
31696
26773
03005
29780
43831
19240
44937
02616
25281
41323
39527
37867
40375
44528
49051
44565
00253
46067
44859
21940
18004
40603
47236
13943
21493
01610
41683
27863
12108
28423
23573
44416
04125
45857
48418
48330
37209
40668
19547
46604
39631
41229
42386
22174
21243
11611
47347
27575
46106
26631
43093
31267
03642
25156
21794
17127
36133
27946
29375
35680
48245
47594
28066
24339
44854
38544
27968
14222
30318
14366
01457
28401
12727
23489
41281
17205
20486
04943
08345
10312
01819
12726
04665
20296
45896
47526
18504
28615
13870
20264
40000
01380
24829
29992
10426
15745
36312
48764
32058
44625
04955
21132
18134
36182
38202
47327
06823
48721
15724
24376
17975
19966
44074
34518
33106
16628
35486
05211
39505
42034
46153
19640
47645
28072
33451
00875
37844
21377
18613
34678
02140
36483
48945
14920
40524
07341
45581
48778
28865
28302
22906
03322
35829
42125
05392
40860
27597
38765
02307
37906
45233
40720
45077
16622
18762
34714
45261
01446
19617
39734
44347
27984
15384
42688
14460
43245
35043
18048
16935
23092
22322
04204
17340
24308
46557
19946
07046
10232
27794
14837
23985
11784
35734
44473
44055
12264
48266
29797
29212
08297
23728
45009
37388
26825
30173
37655
28498
02044
45249
16429
27149
30385
00896
05287
42824
45574
11907
48556
16225
46555
01299
46007
43420
33872
37580
20931
44927
10957
05706
41589
38597
40426
05470
03649
03943
17828
39196
40616
46948
01486
31311
32880
37213
40504
06758
13527
31822
13018
08000
32250
26695
13125
23334
32625
21170
08581
09186
40896
41877
49006
39922
11448
47222
39774
43122
22923
45893
11075
28317
48460
14365
20574
17645
32262
27583
41420
47813
19463
13122
26201
21418
38674
12449
44413
26423
20802
24067
27588
48658
11937
28411
40310
05385
01728
46775
06128
07342
36114
31268
01810
33823
01273
06895
12112
15592
17211
27425
15207
29113
01196
00665
11076
11306
28877
29849
37321
40796
16491
37222
28183
10001
11176
15606
00275
10806
03098
27109
16565
07296
03978
02108
24728
45817
09995
03941
32303
31573
07613
01618
46405
32618
13221
09969
04059
38641
24508
26680
04079
34564
26924
20270
21653
02437
30829
30672
38679
13214
11952
32157
19926
37827
29311
21334
29328
21564
17052
29151
24007
26016
02187
00689
03211
41915
14309
25508
08444
48087
48191
46324
15541
19487
31634
41095
21924
34242
44748
28673
47975
15937
26750
07473
08996
09304
32835
25396
11704
09682
00928
44040
37895
40212
24163
21699
45741
21811
26928
13171
12062
08892
25467
12261
04933
46230
02586
37874
30906
14720
41771
11949
00277
20201
15824
46253
06592
19668
16652
03860
45832
41766
23212
46984
21864
42216
31002
19028
24960
00807
09549
47971
10785
24388
37904
04412
35114
14348
32648
14523
13836
30181
05357
43953
01822
20811
27808
46810
15093
40089
34422
07011
36588
24811
27396
01308
33119
07052
41544
47189
09334
09406
17678
21597
32108
20314
41126
39211
07378
46383
23079
39566
25557
06464
37964
31360
35340
42259
20175
41332
43091
46703
47208
21555
39174
27636
42899
12182
08853
26044
25016
48496
06234
19255
46216
30413
44220
09863
02541
47568
46974
31402
40944
18005
17257
30892
45281
44205
02687
01846
11067
00940
30249
12312
14736
26602
32749
44056
07685
07675
30393
18926
23078
16162
02991
37614
38745
36988
49087
13148
03308
39649
40364
44077
27967
10550
11753
21307
17413
05771
07171
27631
44694
19593
30791
20660
40436
38235
10430
45923
09081
49038
18386
34356
15842
43529
31739
43853
12758
33684
35845
47253
48539
40338
01832
27717
07916
21149
01071
33824
42705
23607
07148
03197
19700
37465
20733
28850
22257
48074
17179
09691
44862
47703
04349
08075
21569
40378
25886
38545
05888
07781
39126
12046
02952
05438
27301
17085
18015
11865
46269
32089
21792
26314
16604
22402
35592
01580
43982
32011
04664
03400
26493
02479
19451
04777
23271
42769
03065
11593
30498
15712
05897
13982
45880
00453
48765
37856
44751
11392
44266
16125
43146
24951
10658
43701
32714
45384
36979
05057
17593
04678
02174
17725
41743
13336
36602
13069
43179
16684
23888
15210
11624
26595
12736
23051
48065
05948
31663
22903
25999
44717
39622
18742
32160
16528
27826
26906
10316
09206
08951
25663
31849
22057
28927
11745
04284
11383
26511
21417
08010
24483
01811
24337
45151
21876
22763
17119
28955
05069
37974
39268
35589
30346
31397
46200
05548
24784
31551
15478
22393
41703
27237
18009
34762
30376
23225
36531
16973
02428
18540
23313
36804
26064
21929
01258
39462
29199
29299
02548
09130
30742
30953
19785
39176
48021
17432
31090
23624
00857
05949
19682
39135
39046
01445
33347
38640
22607
29331
34314
35908
39700
16880
02684
27689
27589
42404
24361
09867
32816
09269
39487
27591
44700
14183
29889
22654
40636
35621
38752
46218
05545
44391
25784
46889
15205
23245
02092
09114
41075
13126
05241
44569
13500
00897
26627
45939
41164
40606
45532
31030
14296
04448
25096
35989
28799
27307
31066
05958
35392
06611
06709
44116
44478
21519
38474
42958
44974
43848
43801
08826
25571
33279
24269
29101
41077
29920
26544
02478
48618
16992
27529
02138
27432
13658
35702
40996
20315
48283
29354
46059
35408
41616
46863
17615
02093
48456
45747
24958
27414
13259
30951
20785
11525
43201
43843
13313
36615
22228
01434
09275
31075
16595
36375
41236
42787
44128
07688
41602
44387
44512
14300
15755
11748
23018
02260
47129
48197
21666
33158
03071
16221
23927
31574
28446
33948
07410
48693
00946
48984
27220
27801
46090
41455
06048
17625
22536
36511
10906
05270
41233
03097
05259
32509
19146
18755
09288
30998
12570
07771
45656
41655
30660
22866
11325
27966
25249
41439
26048
10067
17204
40122
09749
34169
41163
45383
24078
30488
00642
11622
36889
08248
10160
15031
16435
03900
41752
18013
40201
32325
02968
33050
29399
41770
32759
13575
27238
09448
40786
46918
04819
13663
07118
13228
03428
04047
31536
40255
05894
22369
10357
29307
09499
25830
21419
45717
18322
40628
38656
44994
29833
13238
33859
40833
28953
43389
34580
36437
32080
47072
07859
10512
13799
47671
06829
42753
19769
12750
28345
17389
14428
11378
14936
23346
12721
48189
18883
02042
08050
13697
35455
05269
43465
11393
28968
24661
26567
49136
46875
02566
36098
06860
12060
10516
13427
25517
18574
39458
46559
30715
14146
11438
00415
00599
30424
36689
05758
27253
34989
08383
26628
31264
44328
43234
22759
06589
42591
05645
28193
25653
35303
41313
16092
26136
03748
18901
39606
19865
31690
37043
19670
08777
11811
26528
00417
38831
14575
10334
33729
42008
05542
32132
31799
09249
12134
37812
31099
41651
04574
00763
10889
12255
32208
42409
18983
08827
30546
46733
39768
47165
09307
02305
15171
25150
34231
38774
33253
25250
16501
02530
19699
28652
37811
45497
00550
44215
34381
20956
29209
44993
02728
20141
13099
12674
22325
04460
20179
20066
31795
48055
31322
01233
01654
30045
41582
06455
24474
37169
16519
38518
21100
09383
40623
26405
40982
46642
17290
12188
13997
47679
04180
31495
01292
08072
39936
08776
10565
27465
00501
12627
00731
37866
42029
07640
14750
13019
06221
13337
02615
18583
09764
05143
41658
33211
19737
34472
01621
16224
30026
09812
45377
08129
08698
49092
18074
03942
36039
13977
33587
20999
23909
37737
07424
17687
01279
29437
44901
21872
34074
20856
45498
03607
47008
44524
21791
44838
36710
25889
24292
41762
44850
38305
14033
36756
02502
14587
15218
07449
10840
17817
15345
26803
16993
21682
40363
46266
05517
38219
35224
19021
46042
21679
48273
35556
38509
10994
37127
24400
02400
19730
30980
47258
03939
06612
05850
41568
20645
01800
16752
22877
07827
30321
37290
38427
46916
41037
10909
36985
48479
44454
25749
04931
30686
06578
31908
48802
20124
23988
15985
10164
13328
21518
13269
44861
04195
48954
24710
31205
13248
19740
17658
10424
22800
00851
23075
07415
48668
15508
09923
47201
45807
02972
35409
43235
22172
33917
04000
41815
05208
25204
45786
43795
46130
00087
02511
14454
25955
35003
14264
03061
39627
44086
45838
00952
21041
02028
13699
22757
11710
38475
17412
21117
22461
41530
34455
48890
01976
09996
35524
37173
40626
42862
33374
01216
37607
11856
12302
29125
31244
24765
15994
28222
45403
33693
02732
23869
14549
06487
22008
18692
27534
30694
42541
27554
01682
04282
15883
02879
28961
23057
46330
02383
45048
23739
32136
24612
33637
33939
08247
29295
08176
03216
42323
41082
48621
27693
44315
29509
18772
15651
48724
39908
44430
39793
20162
30446
10065
26197
43313
08580
23352
46233
00463
04569
29788
39780
47760
36754
39153
36205
12435
14288
32902
16392
00931
20012
09302
37160
32356
00593
22804
08087
33578
31768
32295
32235
11026
37377
31632
33244
48465
25962
27000
08036
15650
36546
47920
33735
37218
41199
16373
20348
27281
15340
06718
45185
07586
40355
05633
40052
39246
07959
35443
43998
15940
11503
32234
01556
06090
46074
01280
22553
39233
40432
11822
05696
35354
41831
33877
11102
14260
42778
01261
12699
36229
25645
01078
30759
48314
25163
45266
20641
33867
44740
42860
47504
03997
28588
15189
02957
33613
43105
01187
01415
00451
05873
22812
11853
25556
33434
24907
39221
44790
47569
11527
12728
18191
15344
42374
19743
46848
31588
47328
15127
34432
13702
00044
29493
09999
00909
12263
47926
41387
07514
25045
41150
21055
38328
14050
05276
16672
34922
45749
42047
34359
44615
37495
34016
27812
46265
02354
22049
20668
48591
33847
12050
41043
16071
06374
26787
48003
37163
33610
28746
09659
16054
48863
04219
24745
09123
22980
22615
25521
39461
04627
43553
32486
18972
43118
34942
45232
34201
30781
43082
40699
01517
25275
22318
33920
32753
17748
08313
11667
03993
40411
15227
26255
07205
15618
08224
21588
34400
12461
03381
44433
07408
03556
27456
09975
23868
05432
13401
03723
11929
00598
46886
13184
02688
09432
17234
24468
02513
36311
06299
34097
19937
44958
34066
23520
11362
30185
05032
26103
10063
34778
46793
32800
10163
08546
10084
29636
48630
14103
00213
45057
29136
16757
16887
32936
38276
48639
31008
01422
01825
07788
18192
07420
34517
12774
34189
35709
42797
48535
34652
17955
43086
06423
37566
43199
31084
01097
44815
33652
20310
17474
07244
00874
03949
23639
31838
48752
39710
20091
10633
27703
24788
04504
14928
15434
22588
03474
17939
06937
23210
03879
12292
19993
24464
44995
46935
27404
27248
12820
44831
16334
49145
06918
47589
01823
18333
23391
42467
05073
10261
13283
11147
04641
21335
22862
20693
13852
35574
35641
09901
17696
01803
13785
42423
46314
39671
33579
06893
16264
20514
30149
08555
18476
20250
30557
07057
12136
35296
04143
28568
18942
20199
47860
42873
27311
23387
24068
26422
27775
30202
36053
40429
36872
07651
05626
24957
00668
46164
26324
15666
02378
04083
02849
47108
47961
01760
44776
40890
19448
29522
11400
32907
40937
41061
19782
10311
21859
32173
41249
41662
03309
16219
42904
13805
37475
00468
31649
44091
22312
44761
00725
11851
21107
46221
35396
09680
12207
36759
30597
38582
31823
44457
49150
13851
19035
17044
24102
27612
42340
16962
43249
32304
14195
18053
40346
14101
39776
28894
40793
15620
32716
07176
41364
43525
13476
36616
30438
35873
06064
42578
31089
28852
13045
06409
40719
42519
25316
20307
39371
15581
05615
11257
33453
39417
30764
20597
19750
11569
45520
45423
46303
46624
49052
15886
12917
08246
00518
42955
06203
33388
23062
19877
16271
07815
01625
01782
40412
48648
21572
14680
10144
23427
18248
44431
17893
31292
32159
41246
28756
40607
15495
24471
02392
03866
07600
17883
37016
09492
26182
47497
41523
10863
37519
48269
12628
19732
06961
09599
26209
06772
30666
23856
14435
43641
37693
39171
06267
24300
13653
43408
06176
23462
08109
06235
13276
20169
19543
08779
23343
34397
13650
44458
21890
43487
33628
11324
41792
02227
19835
03147
41825
14332
49139
37360
23353
37805
36820
02564
31611
31765
39213
44377
44830
15969
45733
36281
39311
15991
17481
32684
04420
16706
46950
24506
06242
37839
02830
36175
42050
04065
42298
17798
11084
07561
21595
25371
49015
21977
31337
36160
28393
33660
05624
09454
21683
21331
07712
14991
39022
03854
14501
31490
40537
19563
03454
25419
06295
46514
18010
31170
16733
46719
19638
09988
45737
44468
33786
19927
13177
28759
44976
31175
06109
47311
32675
20401
46866
21054
44752
46227
48579
40709
25562
24286
10778
13266
43752
05384
01970
47907
44560
08800
07385
13363
40112
19763
36956
27285
47570
42563
02667
45024
44891
29326
36201
03686
06433
02139
05116
09273
44969
17706
45123
16027
41900
45874
41238
43210
48329
49003
06549
29178
41069
33678
36153
26509
39262
35707
42626
36288
38653
26719
35021
24779
08091
23922
43267
44309
22996
45843
47981
07231
19649
17224
26716
32400
31821
43928
21311
33471
41619
07389
48205
01502
22088
10718
37458
29309
05594
15066
28561
45434
43573
03962
49097
12045
25298
41847
36538
31624
20147
34196
37076
23106
01277
37007
10807
20207
17061
26226
35962
48900
43261
09720
45619
46051
35028
02946
01581
15792
23451
04024
19386
05501
30939
06079
19741
16496
18891
17239
26531
34679
21913
09556
04514
03170
03700
38277
00115
29010
01225
04314
25165
29230
49123
12404
19482
46783
19569
27312
08813
12080
36776
45481
31297
34313
35933
03599
44843
24592
15358
00628
20910
14379
35119
05131
05267
14132
47166
24959
33576
19874
37479
09202
38999
24070
18604
16956
39303
01360
17752
22056
34979
21634
48439
06149
34705
02761
37002
05564
14551
22524
30362
03106
27391
12127
34951
01560
42394
46864
02854
22131
04717
10625
28036
02370
35971
20338
45558
38361
40921
23635
38020
03753
45870
46840
06948
22467
19899
04773
41537
04745
46091
31379
07446
22052
36836
07783
48277
08790
07753
03231
09214
24394
41526
42830
17690
21756
20133
40113
41911
29343
27129
23633
23647
20276
09856
37112
46087
11040
10267
23574
36554
24683
38216
04222
23179
49059
25138
33803
25716
27362
38338
27020
34750
40955
04751
19973
38660
30081
13242
16991
12827
06200
39271
34570
01799
22243
30586
48726
35532
21947
40639
03353
40415
26994
00866
43186
49101
27123
45029
46131
48824
00011
03006
46773
47150
37669
24327
00878
25692
37804
34302
34895
44559
41377
46306
15861
39412
37318
08375
04393
03657
34852
08756
28514
15841
18029
41710
47296
18980
07559
41450
47624
36842
38248
17522
36359
12555
38394
42629
34716
01338
18017
41826
37830
35424
38538
00827
28159
24326
34946
10721
26927
36644
19546
44112
31171
04419
48488
06582
09657
45316
34971
09802
30724
04809
15832
14375
33929
08161
23422
40329
44405
26892
41754
38018
03455
48570
33355
34061
36928
19711
00962
36222
08311
27438
44822
39426
09060
28218
35686
36980
28301
09910
19957
04698
35835
34800
43738
39897
19025
19956
05420
12687
12098
09651
40243
34674
34011
41080
40168
21609
28116
13491
06965
11021
42689
44982
20826
40986
39646
15386
32844
11228
37569
35005
16933
23839
46552
00008
41296
45606
34431
39633
38901
29543
43029
16231
28439
46620
48079
06493
18845
25129
32965
42531
17222
03057
47851
38813
11958
35605
19135
31727
25224
46769
19918
36721
22817
03025
35142
05795
39315
44472
10858
19350
43739
39383
01901
06748
40264
16534
02657
14178
40189
25211
12733
46646
47859
04580
15610
18441
11229
36967
48426
00711
06723
45272
07063
35651
44352
02172
03069
33806
03427
26240
30377
34496
44314
05872
15064
20808
03986
29427
13538
03256
35619
01996
36293
39957
03312
19721
44193
34941
36996
21016
03722
11297
42304
12073
22041
41318
45792
36176
23910
47070
46598
48682
02181
19226
42690
09356
31246
26417
46178
40420
25386
13345
11128
08504
08543
46610
22956
38889
25812
29040
48212
04996
40951
32913
02442
27280
02232
10348
24486
24625
45620
29163
49050
21934
36703
38768
15290
32171
12282
07777
39460
05508
22425
40622
37138
33846
06647
08917
31520
46348
27905
43584
46272
48497
41007
10401
28624
24985
37966
07172
13300
30356
40345
28992
21560
10817
44399
47998
01678
06683
26429
30203
05070
43413
41008
45466
05540
16627
36904
21602
12248
44963
06116
03355
12775
32853
33080
23674
44802
09188
48544
37262
46196
48419
34606
22801
29931
42611
09344
13394
02030
36108
35559
15186
15349
11407
29200
42644
47958
07918
16952
21883
28016
20197
15113
36911
29408
45573
07938
45044
04873
45356
09286
04614
44762
48763
23865
39549
42127
15710
43058
17582
09959
26508
40687
23441
39910
43602
48748
22813
29657
49133
20895
27854
17654
04432
44670
11713
19558
39285
38215
41363
41059
30740
13499
25171
05596
10076
21598
04779
12896
41192
18449
24864
46100
04103
18895
09291
09078
23299
10339
21912
01565
47739
29566
20964
33858
46236
02924
48385
33677
22139
17370
49094
27259
40477
43250
40997
06830
12980
14529
33780
22105
23804
18996
23176
11263
09293
48567
35390
27763
06828
30720
08083
42941
13407
30412
17197
44669
04093
40302
01750
31462
34075
13781
45808
00855
41316
16955
12429
28217
22285
13346
48790
16291
22970
29605
15044
19745
15301
12332
38871
03168
11805
35044
26916
40776
43872
27657
32643
37791
16542
30414
38062
10428
29559
33577
43133
24460
27684
40402
16028
29737
41741
03769
34282
26263
46141
01488
18795
05469
25312
08349
31094
02186
05454
25524
44348
39072
48300
06726
39260
47367
30918
22480
23150
21787
15461
03504
12215
21431
04701
30179
36932
31926
32533
44167
47736
23399
20843
08623
20474
11743
22803
39993
22673
41796
40485
03329
14987
17540
07704
17414
00666
04046
06472
20168
26885
00027
08857
20525
32955
46776
19018
46893
21942
13275
33900
20129
48817
13222
06642
32896
09650
35976
13424
33601
13898
18974
25397
15250
35013
38717
27867
47705
01714
00835
04335
10791
39758
48796
35492
37759
43171
36999
30717
15025
15563
11781
15208
26569
38334
02699
39464
35172
13778
32908
03135
01755
06598
39949
42087
15396
45267
09508
19010
13830
03226
47816
25186
33705
04042
22976
46400
32500
11237
21684
00185
25301
39436
17237
33092
06560
28751
29263
17141
44331
44359
11007
10570
26304
09629
38147
01692
37400
46492
37760
34076
10465
12105
24038
25015
44333
11673
27704
02805
36998
43622
34747
18919
32345
01953
20567
35987
36683
40741
33932
02900
40289
09622
26011
23740
30024
40425
10804
36860
16551
21654
38140
11770
21065
25102
14917
20249
40444
07248
45913
47077
48804
18290
28637
21408
38664
31473
23894
05642
45381
16426
38981
37181
35428
40625
04643
44954
26751
10243
28891
16486
44357
29662
23080
39368
40164
38061
09551
00289
39373
06691
17637
15206
43783
32995
03248
09760
11115
18585
20376
40452
49074
38767
42964
42260
47342
47290
06822
21059
45320
15905
25624
32422
42704
40162
07611
24405
41978
47105
36165
44589
46426
41022
00664
10304
05246
04096
44482
18171
07654
22475
16878
43119
23393
31837
40601
04690
11969
47118
20306
06078
26976
04044
39424
43032
03046
31401
31262
26371
36268
39615
39414
44533
18848
07048
03411
10663
31920
23631
03558
06962
14579
10989
41769
47340
13721
40765
14089
38355
10839
20138
45361
23367
24463
16655
32990
41913
11609
11935
16193
39629
13942
42302
00163
16931
15711
32448
38381
15222
17038
17571
40387
12019
36946
02189
36195
09132
06411
47319
42829
18981
27751
35075
39574
19908
23413
26894
29634
05084
47525
48166
21553
18661
19910
44816
01501
47993
30632
17716
31025
13582
42739
35606
13051
43431
20188
43400
09272
18284
32054
27571
03634
44747
31539
16764
22610
20319
17517
05984
44904
40849
06767
45288
28342
25483
35713
37645
10910
21372
26806
31312
11058
02109
33581
11299
33596
15452
31933
39938
42601
08525
32674
20859
46920
33814
42375
26545
05863
43308
45339
49109
11983
24754
30602
30184
48054
37455
03742
18991
38976
16807
27019
31622
31309
44460
40082
12637
21305
29385
48670
41239
29147
41147
30642
06548
31921
02838
18154
30784
10220
27587
47693
23767
24351
39573
42287
36216
39605
00286
07598
18686
17132
43722
21416
42564
28192
29007
11802
05973
41011
23915
15291
45555
45948
15435
20740
06746
15138
44170
34276
12220
36473
48710
10296
42673
44073
04610
36158
01165
14774
17881
01398
02839
26614
32420
13388
27570
02683
01303
02705
03875
13029
26505
40120
11218
30031
00729
44845
19352
46440
24635
26705
14125
07980
10253
21517
25455
41731
04092
12875
10420
26090
13330
20784
10519
18544
47754
24340
45955
41749
26095
42882
02739
22362
19040
24372
18352
29322
37422
28960
46493
04829
46730
44668
27878
31269
06831
16667
06834
33585
33945
32601
07940
19144
44303
36282
28683
15782
46711
41550
02628
27418
46424
02124
27817
28440
12176
42351
03506
29082
03244
12745
33215
46802
48432
37482
05347
45538
46631
47491
39906
18101
13059
13082
16964
03207
08439
47240
30510
45374
05563
08561
10343
23417
28219
41266
32760
03175
16906
44626
36363
02831
33131
28152
24343
04331
38446
34467
01619
47498
25905
43966
17607
19863
22716
44229
07776
23204
34920
19469
12497
03196
36514
46940
08183
31615
10329
33851
29240
23655
01421
14539
26917
36206
33081
08113
11680
23139
23556
10123
24494
19172
02286
02712
05870
17659
43280
39266
25223
00061
33893
06874
01553
01461
18054
12842
09962
20178
14092
37179
00257
37284
49082
17602
23433
10352
03527
03145
02686
07665
48267
04152
21967
25693
30350
47137
08234
29403
44283
07069
39676
05134
10422
20220
15092
03273
19067
10432
11269
18622
46062
07694
44012
04798
03937
39052
41803
46921
27791
41158
29982
08767
23500
03257
09044
26023
41708
32617
18914
01281
21420
48869
15649
24822
31426
25997
13657
25338
33369
35884
26318
05235
19512
21506
41036
01847
31554
12994
47368
03445
47737
31810
41354
40226
23407
07193
30609
06824
13110
04470
10085
20662
19703
08054
46489
32949
11136
02505
45357
32025
10605
20559
27974
36846
35207
03784
39570
18750
16851
27085
41561
46349
36156
41195
36749
45942
28019
04754
13762
32127
25819
39817
24941
21842
22580
16919
09287
25857
07558
11481
16192
05428
07274
00208
38987
14022
14496
35415
20212
15632
43494
46125
23443
05577
37734
31513
38725
02230
46867
13016
25773
36770
40242
32444
17758
03519
23594
48364
09379
38792
08021
11866
10202
46329
35839
05022
05279
44953
01818
15797
21645
16924
30524
13672
23135
32866
40054
36840
20427
44566
05062
20251
21841
41804
44574
13971
19434
05230
42680
10407
20466
25698
41149
27090
13542
10091
04592
03647
32084
41375
41878
45998
47660
22573
40295
10492
45368
40646
04994
02321
23423
44259
04442
05717
40018
45248
25634
05453
16120
23085
30276
19945
26617
44419
45504
45891
26387
11534
17042
38046
40059
40760
38014
40693
18861
12016
35389
36903
28614
06526
27929
46691
31330
28357
09213
27617
04826
45643
20065
39506
35131
10172
19537
46717
00988
44444
08429
05761
05223
26230
07628
27815
15888
35865
21857
29053
37583
19312
43951
41926
31540
24382
15132
46681
37754
34365
06872
17609
48022
10477
04225
43451
05274
39594
36386
39228
07964
02156
14503
07331
35625
48911
13426
06553
31178
45295
12951
11090
38034
38047
34064
48805
24616
25005
35423
27384
18591
13800
15890
26713
02080
35312
16250
25173
44597
40547
00479
06847
27186
45303
41709
43559
26510
01589
39340
06910
28033
11756
37808
18426
06408
44550
20598
01023
16525
05735
10071
24833
13470
25459
07307
23251
10920
02343
43490
35214
13258
31796
24783
44561
32712
19536
10040
03523
18575
22761
10624
29704
25117
31433
41816
34357
07761
22965
13832
01983
40602
05264
31050
43068
20313
23973
16386
03183
33588
45452
15708
22479
18302
09679
41103
26164
48239
31858
26430
47913
46420
17364
37407
05654
17825
44527
05096
28567
34985
10886
20430
45794
29525
19873
16385
36355
39287
40311
02716
47551
17082
28474
22263
13765
38002
34438
16719
03047
17677
04750
25370
13488
46919
20504
31274
05446
15820
47719
39463
24901
28706
42458
30696
03012
39588
25478
12624
10645
16094
44562
42463
40789
45410
42737
18554
37438
37317
20072
31140
25654
48663
17507
36325
19561
39502
48446
15428
28926
03680
04468
19481
22338
34819
42985
44273
44722
25890
40333
32473
43438
23627
19685
24478
42180
09461
02119
19147
03015
38238
42871
00997
16784
48547
41449
33873
39516
32388
04646
31247
34915
09555
42800
04774
16995
05339
45526
24466
10480
28213
04765
22332
15758
48297
06301
02197
04584
20858
19650
23197
35545
37126
48160
39318
28707
45335
40754
45825
46664
14958
35656
32916
20720
16637
46293
13274
40336
13135
15188
42226
31159
48654
32145
27243
08296
07206
33905
44294
47349
03128
36181
10106
05534
05967
36042
26907
47439
32416
18631
03895
35352
37537
31683
07966
16133
37122
47280
45977
23902
47428
34174
03008
28678
25119
33336
03433
37953
43891
01705
21020
12028
33468
42779
01698
26265
05388
39212
23491
35985
45503
45438
36512
37326
00331
44199
18597
19790
48035
04823
17592
22710
44313
25319
42809
30919
45676
40759
45992
48502
48487
34137
21490
46712
41990
38554
11319
12370
45566
43335
05877
41797
41100
14240
27352
42361
46778
10573
39230
20945
22261
46847
35891
39787
42293
49111
03209
48537
02608
48284
47420
40448
43247
10259
28642
05298
08973
30474
20198
25460
15740
37632
40753
18552
29474
02713
11127
16585
42324
04644
24990
48199
35774
19042
40085
17814
27303
05028
09327
28513
00842
12810
18507
00254
19872
01134
07476
47294
02322
40407
27664
32651
04226
13745
11906
29407
32273
02834
10159
30206
07974
44741
13603
30816
39354
01249
03058
08438
47461
03699
27922
39552
46161
41352
41609
44992
13178
37554
24260
20644
45052
38690
38746
03124
37164
01075
03292
44439
01620
44796
12459
47409
33475
46248
08706
29981
06568
10775
27239
02867
35654
15244
44385
48395
13469
44076
39202
19895
07763
25696
38321
18393
35147
08276
38088
00073
33930
01499
46592
23810
25864
45436
48563
05161
12844
39942
15557
39975
47818
22915
45690
19154
29118
30853
46614
38788
08328
45851
16686
14376
30279
47646
20951
03495
06118
08318
43073
15281
36113
23248
32002
45711
48399
38777
41598
04861
33726
46535
06979
41052
40621
24543
03043
29267
36896
43822
45621
46298
14930
15542
10459
34876
10482
27879
28976
42112
11711
03054
01688
37230
21460
40769
21119
47281
25191
26563
33787
37660
07047
43078
04700
18349
27691
12324
29278
32408
19269
33208
19494
19780
14131
24431
03662
10027
10481
08582
48448
39366
19570
24700
22059
06012
34835
31541
31875
06681
06868
32985
13989
27649
18014
29755
38956
10683
10670
25933
00154
15371
47441
02365
29128
34918
42516
13495
39013
22531
48762
28366
39819
30518
00465
47477
19829
12005
43694
39722
14036
49007
13290
19832
15554
40507
12063
41196
01454
41035
10012
35074
30620
16174
41231
01888
30945
36304
00020
28767
03444
46887
44534
06051
39974
47995
47282
04033
34857
43964
48806
34158
46932
22805
46965
30148
17405
07762
04431
26821
17751
43139
46371
13544
12283
03072
19645
05662
47138
22081
41248
18923
05686
41156
45176
34963
15094
27862
03855
33486
36811
03364
46311
25049
06510
23241
25372
24805
41772
01262
39064
22526
29983
36565
14578
44724
33656
31786
43120
30871
14170
22246
06186
22194
44824
42608
41474
00358
17505
39413
06298
16141
42590
21214
05275
13687
30062
16190
10283
06398
05171
10934
21452
41680
03940
06929
28586
43121
17391
44085
36497
14425
40867
25912
21951
43892
00048
15846
40245
32622
38802
28127
09848
34717
23691
08078
03366
29016
40341
29655
05290
13700
35861
25081
05041
12487
20246
01600
02017
14880
23276
12211
35248
16268
15303
21115
26983
22298
38493
01606
12887
48546
44812
18278
05505
18612
04953
36786
32546
41315
04800
08994
15939
06220
47764
26157
45769
45789
40994
06819
21549
28666
31116
18288
38036
47410
12310
48594
05292
43239
10004
20600
36243
07635
17924
28729
14467
31833
31239
29524
06420
00873
44287
37366
18553
43117
12274
11255
21751
42271
00617
38380
27200
10013
44282
33479
20396
14849
15393
29900
12296
11365
22165
38929
13011
19019
15959
29639
06000
22738
12293
41131
13403
43903
34341
44342
49140
00981
05485
16902
40350
13416
45824
17934
17520
29542
39918
07394
32696
17567
12245
33709
45626
22525
25765
27981
29599
42534
44520
22058
43293
03363
16450
29141
40884
39148
39326
48650
41964
39551
20534
29661
31225
24836
03143
18568
44713
37373
05903
37132
01985
43018
30846
31794
06318
08982
32924
17322
12262
33047
25158
18442
14544
05381
35213
15833
03912
41506
39544
18775
47936
07679
47455
04306
11241
14997
33784
00992
22614
03959
18075
45618
07548
44960
05606
40408
20265
32172
44750
43202
39514
11550
05293
06169
07453
11034
01426
31133
27131
44126
22780
14518
17516
19520
48125
17188
22107
03084
36044
43838
28630
28005
03070
09889
04548
04463
12008
48057
16415
08752
48235
27714
32109
16406
39229
12640
08312
33402
06332
08542
16769
39729
43285
08207
35565
48056
14383
03238
20240
47610
16841
11978
33400
06821
29205
36817
16881
40761
19897
48062
15215
17470
07972
30037
16783
17155
21712
14576
48678
48463
13012
42853
44744
29832
07286
38398
39673
36177
00141
13841
39545
16612
39513
29975
06412
14242
46398
48339
16157
16918
31162
40989
43423
48831
05333
21962
35747
13570
09688
38102
41170
30746
31976
12679
10338
46907
20266
44338
46998
48902
31411
36299
19608
33897
14444
06397
25120
29321
13070
45028
39076
17247
01215
40519
02656
48841
29888
09829
41971
08657
04021
05822
32710
38804
48744
44903
18725
37924
43901
18194
06126
04778
26807
01015
32182
08374
34537
10090
31441
44470
30635
09732
13007
46929
30753
19712
40643
34766
12017
13926
20144
11922
35914
37157
40993
14261
17953
10896
13270
07673
32140
21450
45670
45962
19379
46910
42855
43412
21782
02966
40213
20608
24831
18867
04738
19012
22149
36841
10222
15617
41113
44745
05684
25625
20146
13780
36161
01455
40096
22663
15982
17644
39403
22743
49107
17482
39208
40697
02799
43794
02116
17415
39898
03822
04957
32709
27093
42387
11765
26740
42397
46600
27318
12082
32107
32956
38208
43887
02857
42897
34956
14868
42652
32706
46656
11308
38384
23722
17884
34720
12928
21101
28753
08650
20790
01448
24634
13245
48722
11661
11742
44945
45464
17766
21730
18635
36234
09088
43096
20631
00023
45035
33069
31731
38373
08974
23307
35792
22510
42150
47536
23923
32621
33621
22189
23887
02302
07726
08671
34516
16948
01653
12641
18539
21732
46645
36162
41039
46784
01151
00557
09540
10982
46958
48574
44900
17062
26726
43131
33334
33717
30387
46654
23386
46391
06575
09991
03977
36693
37538
26739
38039
47098
36551
27382
27563
15010
31329
20731
16844
26400
18479
44633
22085
09129
13136
16553
04236
46123
12967
20324
23233
32791
32818
35093
19868
40678
32959
09171
02977
21432
23700
26277
30460
00229
32021
37316
16965
48788
02902
01590
41279
12002
08608
28311
38069
15259
02570
08889
45205
01382
32834
45841
00010
09871
46963
47534
02822
12115
21380
03206
05779
35206
09687
29213
45791
12360
02399
31180
46982
42622
18660
41027
41514
03703
05408
25257
17218
23537
30266
16315
05737
22173
29608
45828
48820
39816
19717
16539
32307
46764
32676
34684
42585
22455
23761
47466
35923
20229
11541
24747
40844
28384
17165
24004
34062
19166
46292
06759
47117
13497
02758
48864
09220
07668
48964
15556
41317
46861
47007
21933
45348
40999
48800
16762
43284
25943
41381
39333
47133
42483
28745
27969
46071
43229
40714
17976
31637
29984
00650
42385
48899
10654
11567
40053
18903
17799
07049
05981
46274
18307
18851
18596
07663
17731
39639
20873
43962
01977
37247
45666
31071
23424
12998
05234
31807
35029
14415
22755
28536
45004
03651
14198
45507
13277
06725
05616
22117
23077
13814
46879
25443
30728
07468
04801
45708
05273
00822
31971
34913
38007
40920
14767
41415
44707
12732
00629
10697
13418
17928
47791
21927
00046
29182
45287
15160
34620
13649
21770
16319
10925
15952
25360
43233
41221
21479
02992
27419
01130
46411
20254
48773
37143
40379
04590
41559
35675
30508
45240
03992
13442
13508
40175
00181
35188
37180
02522
10046
15103
48772
18469
40604
44053
15548
30675
31213
03827
23269
20812
14574
32890
30626
33222
14506
08268
02861
20219
24255
46888
12414
00690
05880
46870
02269
11942
32483
00130
24797
47279
39352
40912
16911
46596
04265
44486
33509
40465
44369
07232
10734
09104
30429
01971
12179
21563
21954
23651
29452
36810
04290
00742
35818
09983
10342
42967
22046
23518
36897
42301
02926
07664
29055
46312
46338
36076
45367
11690
02913
38389
32682
11247
18019
33692
44985
02701
00688
29374
35541
45725
04049
21044
11836
39408
43870
14542
44311
33269
35160
23619
33114
32421
47026
28515
18922
10972
06867
26886
02731
05842
17493
01300
22309
08170
38744
18021
45196
14923
47712
33282
47032
48904
08884
44968
19198
44764
43106
36493
36668
44804
08120
23992
15815
03410
04128
43866
17263
39952
06319
37882
32970
16466
39369
27983
02876
42384
32802
14113
14988
10094
03515
26268
11872
38776
44121
04523
07697
18633
09124
08839
48376
41184
35141
07417
40086
38303
40484
12826
20208
31029
27121
10462
21396
32531
01602
35059
01019
18506
42284
38838
11265
46852
18176
24536
07727
00324
23649
28230
28697
22922
06119
48515
00521
13160
03036
02003
16727
40238
16261
12643
10689
47033
09519
23986
43003
36180
46976
26413
43792
28512
30661
28195
49143
30708
25142
12883
17720
48857
00125
25464
27266
36178
42698
02036
29539
41015
11495
27037
08748
34935
12857
07025
24671
14978
32355
07310
37973
36581
47955
28752
01895
34420
23177
17600
19665
05588
04017
05399
46235
26033
09005
28196
09103
44271
24484
12816
11113
27864
32498
04421
12212
24298
27063
16877
02901
47429
15275
04593
38436
37006
13713
29236
05566
27025
18849
05672
38192
10537
14561
20789
43081
48098
34171
38076
28709
44368
19839
20445
26842
04804
33186
46772
15681
07565
48455
40756
28435
35371
37968
04588
44632
45688
19898
06916
04848
46655
15914
38517
14853
05082
41017
26960
40528
34559
14433
06481
20228
23759
13720
42643
02358
36192
19601
10973
24058
48719
11013
37550
47348
11326
36342
06452
31409
30964
30973
35741
08762
12858
33088
25589
48634
22933
32430
17544
46321
09617
04054
20605
41079
42917
36676
04367
24641
35737
31819
03701
33205
44803
49016
38622
45340
03441
45826
36007
36983
46954
36718
37151
10907
36550
47217
03434
45991
46513
14270
25914
30739
40690
22269
45519
08119
45561
21325
26414
04423
07510
20505
39313
41342
36333
43176
01894
00209
09542
10494
28691
24193
28404
13294
43936
21172
47954
32729
20518
03526
27440
38274
01842
09967
06701
31442
19029
12519
27762
44631
38902
28099
33356
40362
05675
12480
47440
21444
00124
43869
43157
46505
15058
04106
47313
33774
28558
40698
42470
24980
37257
01672
07482
31478
17384
29753
39109
37684
47136
38066
47615
08567
37985
02604
19744
35208
35286
48549
00611
09399
29161
17402
48029
13829
41250
25289
31259
30189
25176
31724
45899
15992
20311
39571
15652
31192
18685
03617
07723
30076
48264
42785
15409
41466
47473
45647
44579
39081
02394
18008
47171
04298
14339
17842
01001
29083
28330
46273
02193
14049
40298
27024
47672
03378
19499
33299
04187
26437
12355
41056
21581
36821
29382
44014
09841
04117
17134
11521
40942
39565
02753
38558
33998
28267
32952
44461
45237
01121
18190
40183
30496
04932
48301
19440
22904
23593
04392
16635
13624
28273
33051
47935
06182
13398
25355
02625
24214
24746
47288
35042
11600
37178
40510
32194
18586
42255
45533
31028
46633
21363
44860
47535
24681
05759
08531
39281
48015
14227
01473
21552
36123
24045
48623
48812
27386
34686
46991
13344
02672
20244
33317
31669
32147
27562
02247
22125
25471
48058
25017
13571
20312
32459
06842
11652
36547
44564
36705
27948
40774
14993
32063
20142
31812
27405
05500
02306
11126
40762
34371
14306
46820
13281
45882
16763
30388
34560
45810
09548
00877
10384
19406
35682
28977
26279
12256
32728
10810
07488
03762
41365
44772
37410
25297
39127
21299
18377
23468
35970
00525
14464
02045
18519
35117
12092
14867
35781
08110
25097
11555
31098
24940
15159
38541
27647
28971
29980
10369
06437
14034
04026
28030
23228
27064
26635
43458
25379
02064
19710
22080
07058
13761
22450
24059
03735
02734
18769
16713
04718
31009
34259
02396
20469
38840
21116
22636
43981
36847
03890
06340
28044
26047
42602
22405
26692
28027
08281
46780
12359
14377
12109
22575
25586
10145
16393
11222
45844
27932
48852
11976
41303
19786
26797
44688
23348
44206
41899
40861
19027
37473
28163
10610
36580
00126
35259
19701
03614
47599
09758
48688
30655
48965
18899
25241
46615
36016
03430
12155
40744
13951
02398
08465
02309
03522
17627
37913
41536
27766
39553
47606
39630
44759
21532
10769
00812
39803
04954
11274
17734
06297
03733
10182
12797
39712
48414
48164
41527
25413
24770
18713
20350
44297
42229
09311
10483
09336
09748
23452
01024
47104
12781
01861
15123
16352
23069
33724
17860
13138
27659
37430
31517
37294
29944
40413
00576
22879
44363
44766
29791
03770
08150
31249
36479
13453
31826
12734
24289
29130
43910
48659
41636
15517
13536
20960
43166
31546
03602
16240
48082
33996
46313
29057
03791
07540
34275
22766
13647
22532
26571
06667
12598
22669
47812
36077
42699
46190
07661
03545
02973
31468
09032
27593
24353
07149
03635
29684
10146
32226
05434
18301
17532
25708
26145
21767
47270
47542
43144
25531
06468
15752
30857
42577
38033
37104
23746
12011
12390
07812
35253
24757
06491
23255
26456
36901
34907
13627
05875
16645
23483
46029
02431
03223
06373
40935
43195
24908
24537
45462
43868
33015
20799
04858
32481
06129
15450
40634
29165
47395
41837
44844
30649
12972
25172
32008
43766
40627
16210
11909
19426
44452
20463
12809
20698
33732
21160
07909
20586
30790
44639
15124
27843
02035
39316
30217
24720
38850
41586
47478
23529
44617
00354
27175
42814
28798
25542
19099
47653
11035
39939
19548
25509
36884
44054
46959
39933
35926
05461
24401
35041
31122
25057
19831
35968
16653
40562
47729
03709
03422
00942
19392
09631
16514
44467
35767
06054
11669
30303
40450
44480
28831
03064
12547
38709
02491
42364
11877
07423
00794
39749
27108
29606
35039
43825
43621
46912
33804
02743
21587
10060
06786
16456
33302
38115
27753
40431
23025
00787
28861
32758
03555
02744
04557
16529
24818
36564
48924
39096
03344
47168
44586
46548
10780
43929
48211
00898
36143
08022
01080
19319
23766
28443
18940
03470
24905
19524
22024
39071
34586
08586
05957
22468
24106
29126
33267
39328
29449
08466
13613
36307
31544
40509
41845
23645
44720
44396
43601
13291
12077
08153
20717
27827
36482
31093
07782
26395
35993
47149
35991
17400
09227
02613
14327
15713
29423
02535
19264
45420
46430
38755
24096
23035
02424
05896
25796
18027
34145
42542
31584
20532
23880
10996
28492
46467
30687
33896
47626
02539
14764
18982
10631
47956
19031
21239
48680
44705
17323
04741
29241
46173
12377
07880
16879
28394
00919
11988
34874
06869
46968
47942
13028
41090
17317
38631
20652
39970
02690
13956
28198
11262
10608
48165
35929
13008
02245
35458
20202
18777
03267
45665
12815
35158
38897
41661
39384
07930
02658
12623
08117
17138
22732
09547
32779
21407
07984
25544
14224
13612
13487
12458
12013
27260
28525
16059
02976
37967
33401
29945
11464
14940
13278
15054
15286
47317
30272
32186
45803
02546
22591
05509
08116
15653
20399
39288
23305
41112
44806
36570
36184
11146
26704
08142
35817
02956
45461
02223
36036
06324
05219
10796
19844
37152
18572
07505
43320
48810
10732
40715
16500
21599
30406
03425
05871
19387
19011
02041
18041
39617
14872
07381
17818
35441
38112
36174
46675
37900
00804
21346
30083
09147
24285
05820
26446
37214
23283
28859
01219
19112
19943
47844
15730
36046
39807
39779
45066
37928
07230
24663
39672
05078
22737
42111
27267
37650
05410
11817
18458
39947
16062
14404
21087
04009
25931
32263
40805
08486
20038
29060
10349
14699
44018
31906
06260
00524
20664
10834
46777
14297
31676
04278
36645
21858
32270
02348
15389
35252
03779
39345
44774
09724
24079
17291
28733
17844
03517
02344
05295
08983
40609
07701
25027
01991
14929
40963
00085
09402
14410
36805
24608
06502
31995
03169
31991
24302
13006
12700
23527
15493
44293
14102
47450
02918
10677
36802
06920
22264
09528
20448
20854
38387
45575
25859
12391
45301
26788
09256
27219
10200
12653
19896
08295
15679
26559
48962
16375
48653
48825
28459
11093
16366
39884
27234
12506
48190
20587
42914
24332
37078
26264
18295
00854
01402
20457
41951
13518
02285
14245
03461
28932
23477
40481
39815
43552
11706
14295
03291
21963
27598
22178
08505
12747
05291
09658
38113
49073
39395
09564
41773
23675
23395
35175
37875
15011
00258
34902
01469
02665
09536
08080
23999
19340
38946
34230
27198
04976
23409
43356
10000
08949
18677
20655
34512
40600
44138
46752
12309
24146
29089
43192
