01034
02328
03768
05242
05678
07517
08237
08655
08969
08970
08985
08995
10075
11422
11734
11735
12123
12257
12963
13498
14031
14777
14951
15640
16970
17779
18319
18756
19423
20776
22323
22324
22341
23695
23877
24066
24241
24459
24513
25230
25231
26113
26589
26590
27466
29314
29315
29360
29756
31679
32865
33410
33988
35091
35201
37069
37309
37399
38505
39248
40523
41088
42036
42617
42820
42972
44758
44952
45608
45612
45774
45937
45995
45996
46036
47160
47250
48145
48152
48302
49024
49025
49026
49144
00218
00743
01564
01951
01952
05448
10318
11482
11653
14832
16106
17829
17850
19914
20722
21207
22182
23137
23138
23208
25023
25351
25415
25768
27530
29025
30548
31206
31277
32507
33907
35367
39116
39703
40109
40367
40368
41554
42076
43240
44477
45206
45683
45999
46000
46569
47564
47789
47817
48340
48422
45903
33241
29991
44675
22925
05586
41265
48124
47017
00639
26624
07963
41656
32446
44296
16299
36966
40781
19431
00403
43589
32447
15256
15476
08516
32950
35726
36726
28988
46061
42258
44680
25424
14663
27211
41202
33575
33040
43279
20884
45376
40773
34383
17655
41961
13046
04728
38180
05261
23347
10606
19936
15474
17686
15477
29336
29990
19100
05736
28768
33433
30778
22868
42075
31016
44276
38553
33603
12753
13715
11333
34170
34504
39179
24787
09470
41992
42353
15938
36765
30779
23793
16443
44807
45978
00623
26688
13405
12737
30780
35634
24491
26089
46280
41201
33488
14100
41087
45989
33954
29876
24011
17649
27615
33152
17685
18474
08731
44847
27614
44235
20521
31196
15239
25945
07733
46395
10192
31023
44265
37414
01824
32989
03101
41025
17949
30430
09397
24493
20057
30354
12368
12957
22017
40207
17646
34660
37242
38848
30777
21066
05962
21121
10133
06648
12436
10800
48833
26687
11688
05985
10140
03203
40879
25426
47595
16975
09471
34986
24235
43590
