10602
03778
28956
33392
44971
24628
10059
46342
02242
23380
06781
08877
34156
20869
34534
41376
20048
38637
07797
12001
40573
27547
22145
08899
35300
11539
19836
03334
19332
28609
30925
26753
28352
46770
27523
14248
41572
05417
26150
44323
46869
17098
39083
33074
36138
33767
01829
02074
37531
04682
31640
48830
25747
34601
08894
03584
48394
08433
32060
30618
00536
47009
44142
16472
38003
02792
03314
14514
13206
21052
43107
11457
35744
47115
48915
00437
32476
39004
28396
13773
17427
20049
07317
14082
03173
01047
20923
28199
04427
12250
22981
40724
02666
23250
17573
36387
07021
14164
08210
14451
48959
14458
18051
23169
02158
48813
10158
36305
45615
15656
01263
08781
45330
28794
42251
38004
17611
18255
20868
43779
26782
45276
01786
48511
16457
10497
36318
46092
46986
39677
32201
43782
45094
05647
15531
02225
20009
10531
38932
47899
24368
02157
43755
22436
19478
32943
29061
24828
24914
25903
28002
00867
32176
06445
31861
40299
29745
38961
39655
44334
40102
47786
39822
18930
43074
02278
21038
39000
41137
09388
26450
35242
33546
08878
38450
27045
39998
19514
45539
39023
19778
19194
27884
05192
38504
31096
00914
21765
16465
35405
04821
47566
19026
22725
09056
09385
24571
18409
24393
01411
03880
24816
01634
12934
33970
30850
47242
18018
06576
14400
03529
14407
02892
02974
01722
08891
44499
30513
15129
06127
34330
40589
21171
04439
31671
13760
39748
20366
42241
39331
37572
45402
34177
40747
30568
46355
24976
48611
27650
03639
22070
11287
34108
21324
20806
44955
16502
46197
45091
29711
12931
01679
07005
45674
09030
28304
07212
31081
32149
07354
39380
22914
09257
00309
18704
30507
09424
34030
44883
11005
18801
46287
48832
25124
03305
46612
42191
43599
31455
30204
26050
11746
24619
34081
34634
20039
35254
01145
07022
34210
32189
14616
00577
44115
44436
29646
10434
38393
39567
31315
37923
06072
35551
14604
33776
47272
22031
28939
13249
14564
41531
02958
18609
11631
15338
48360
37925
14990
19736
18517
48599
20936
48324
44893
29885
11683
09370
37902
37978
44895
15843
12765
01834
27081
05496
28981
08532
46525
32134
37188
09947
48249
26306
35501
46425
33277
11971
45889
46352
49067
48850
19657
45722
09552
35060
18450
08863
08198
37749
16454
33777
34849
42762
08607
07272
21980
12620
04758
26271
22687
10180
06253
32218
26612
10976
38635
27245
08122
02320
16105
05369
26312
38710
31208
00622
37806
30126
23050
31988
48151
28151
20746
29630
04697
36291
36924
19841
17309
08550
20870
00654
28479
20749
00368
12051
25347
00537
44335
41499
47079
37704
11544
10466
47159
43642
09174
41893
46849
34977
19374
34263
02150
40586
16427
16675
35652
37392
44664
44150
19610
00681
28001
23692
38195
08664
20302
38844
02770
15403
19293
46512
33437
25035
01253
19622
38265
41677
29666
39522
44916
17587
35311
45523
28455
00522
19598
43361
15331
19145
42210
12948
32704
30698
38015
05048
19869
01381
15487
44028
06091
14216
28060
48868
18111
41678
23676
11897
23006
01689
31843
12254
20393
27408
10580
48346
09537
06993
06751
48286
29333
40376
46387
25256
12340
00870
29875
43164
27141
04321
35276
12779
37191
12601
42907
11968
35473
32207
24174
45354
28582
30942
43406
40757
15849
18060
01699
17679
45827
47700
36186
14001
28986
40330
28606
08901
28056
19713
24721
05741
43140
05452
07534
25491
18026
47351
14798
03068
28378
23034
10627
37494
40166
48144
02349
39375
42267
01516
41172
29283
20454
02246
21218
27882
01267
45184
46674
48792
08893
30711
46372
36747
44213
05707
22469
40215
18384
06138
42948
43646
07185
15575
18587
47482
39497
26710
48703
03468
29319
47974
41901
35184
21498
44406
00900
46212
35531
00579
46498
25642
18876
04348
09997
42544
27389
24819
24614
00782
12214
46735
05456
29746
46630
39305
37611
44732
14171
09363
10984
37926
33783
33501
08225
00059
08992
33166
16704
46308
26313
37884
48083
29015
47228
39678
06949
06041
17151
48512
03817
43395
44136
31670
13614
42989
36214
09380
16660
17588
45323
18785
41632
19292
24124
48815
03774
27082
35257
34459
18178
01594
43702
00885
35575
42291
43732
28110
32092
07247
45370
13656
45736
28477
23499
23351
23258
26744
26815
43606
03670
21958
17297
10183
35372
46995
08811
30712
48849
34331
20186
39702
06341
18511
24437
21229
18884
22861
16151
27423
42360
31209
33020
46585
10454
08030
29226
18700
33499
23224
35990
32764
47087
48598
34255
24631
32219
47814
10977
28454
46068
46826
13454
17837
25602
32015
24749
05346
42035
17549
01872
08895
03958
38920
06450
29865
18256
34232
31839
11180
17652
11356
14000
48066
34906
01647
45524
15977
27270
39045
08195
15628
03578
27409
03487
03626
13351
25860
05507
10138
19697
11437
33830
46058
38127
07333
27936
15485
20807
37177
30861
11345
12085
42237
24689
19684
36844
15085
44515
36139
36260
05327
44149
11240
26668
27021
17296
19849
21202
48586
34577
48628
47326
44051
02135
34928
29672
39438
40985
29418
05263
10665
21582
02268
18218
19195
09205
15277
44462
38738
14432
33972
39338
36240
36030
01695
13811
44856
30916
16159
22909
18204
30697
26767
03372
14801
11870
43886
47246
41643
40147
32807
46210
40653
09905
31095
01418
10006
03623
09502
18332
38151
42600
11193
42362
14662
27286
09625
07014
06338
46343
46393
26036
27430
30688
05414
20739
43533
16574
16874
16272
33189
12065
40324
40862
39523
44038
35636
38382
11883
43740
23048
29986
14935
48192
00237
00934
26911
08898
19705
45169
39009
01723
48988
31903
22328
43153
47909
38278
18173
06899
41331
13779
41784
08803
44148
24577
06857
35246
45898
16790
44917
31451
29051
34013
31185
01641
36681
38763
21231
07237
33733
32474
24933
11819
26088
17925
39741
03380
39225
30875
04997
43330
26078
00805
05636
28177
26991
37419
35008
18584
11490
06552
30795
25154
45246
24863
30338
23512
45325
24218
43509
43859
07273
42058
45644
18351
10356
24098
33829
45113
20001
41416
18396
26882
35895
30814
06835
36516
04053
45531
46128
17574
34676
48998
29895
09837
34700
41914
25921
45550
28228
03466
35467
19521
33772
04341
31990
46774
31487
03151
21698
34770
03691
38110
15781
14989
38392
14239
03493
23242
32926
42290
03928
36131
36191
42077
22620
04914
27255
40736
13040
13797
36692
11346
17882
41397
34751
04524
43630
39392
34908
47959
17232
31712
45719
33775
04938
04336
44539
44870
17448
24476
38366
18473
43988
43071
03693
34691
14715
18383
31080
03286
36102
30693
32062
48149
26570
45914
47872
39396
33021
45873
36652
22043
08821
07955
38986
06262
32873
19698
10708
36907
25964
42931
32766
42246
28555
08659
31155
08450
14205
04589
14755
21097
01118
31281
28688
17385
39512
46838
45111
01851
25839
40078
04301
30811
45673
38416
07133
02517
41356
47938
15229
00799
47583
27241
26863
43367
24395
40019
23788
37849
24288
08309
27302
06363
19395
03552
17819
02464
43977
30904
00470
21678
15654
08107
37694
38966
38607
02821
23100
19762
44319
46544
34012
11993
37269
08885
12119
31368
45366
12845
34872
24447
01144
29808
21875
47255
12572
48061
02783
17956
20561
34046
26941
07360
06652
40535
08474
20549
16705
09746
09527
35211
44915
24751
20937
40022
31642
45959
26488
34600
08324
13767
04270
39476
34768
41105
45668
01036
27247
46969
27805
33134
11997
46568
13010
16589
26723
43209
08888
31703
11332
48224
22162
15834
22106
46224
17943
21620
23579
47821
44432
00926
34667
43049
14397
26112
31643
30307
01617
37582
37998
05632
07087
07877
04950
27891
01841
10914
20883
04822
18198
47417
29503
13825
00884
38257
46558
31850
45743
44541
01490
39792
17298
44441
48803
02050
43243
43244
00427
23252
29268
19557
45053
19331
45582
10579
01969
35378
34322
04640
42389
32215
47623
43543
41820
01938
46122
46373
02896
00840
28818
26610
29169
09958
10047
03462
13440
07332
12918
02869
03715
35772
12412
46524
24080
26272
15045
07225
04025
32336
01122
07390
24369
46499
19371
43019
17978
44159
37890
45099
48401
23879
47052
11008
16447
25861
31353
13826
03150
15095
41009
38301
14398
33271
17226
46638
33494
47324
23017
41716
12032
43858
38150
28919
28702
35851
13132
22886
18518
15509
29472
12913
45324
18946
14727
38908
04350
48287
13264
20271
43932
23318
24357
18826
35444
16409
08896
25216
41653
36432
38001
27030
13534
46702
34184
08118
18287
48716
25470
20862
38354
03804
04596
47744
31706
23459
44651
06557
16223
09258
32073
10221
02151
19296
22224
32480
20529
41973
14209
09946
38287
31619
46243
28000
19485
13127
08073
38462
38117
37172
27519
15007
30440
12981
42846
20647
36986
34229
45780
01129
27756
48916
02914
19612
26512
03605
29514
19438
46724
32214
29337
23041
38098
13553
38947
26781
43691
46828
11956
21583
39951
18724
33943
01083
07706
16572
11595
20487
20907
44542
28109
44226
46310
05188
35086
19076
37062
19411
14333
05322
09386
11456
34211
48236
01176
11820
29473
25838
14493
46209
46704
03217
12421
12606
40184
47257
43563
40088
39389
13629
12492
12978
48507
18160
30516
04043
01643
43402
11578
16306
18046
18605
46509
18012
38928
08240
08904
28523
46613
11179
20805
02859
04613
19907
25648
42920
26819
29020
47389
43546
33438
15692
34125
11390
35928
17049
16265
20279
25481
27782
46138
46542
47304
07615
45553
41032
22869
33611
36641
45645
35031
06673
27256
41850
26794
03672
14934
04654
03632
10128
22562
20788
02662
01105
09808
37074
08377
28104
36593
39239
43141
48684
17668
38579
11585
48588
10313
32275
09953
46898
15975
12947
43033
03544
21881
16057
10008
31805
03689
43939
44820
17251
31280
05721
39640
04051
00342
42496
03641
36496
35827
14541
30332
14839
19365
08675
02312
40740
46686
45960
10003
38431
16300
24012
14878
11224
01041
11343
19372
08864
24665
15433
03622
18001
11633
24666
33950
43997
25314
34690
01018
22146
09280
34002
22892
28982
14788
46729
07053
05901
11259
11737
29792
20847
48341
03528
07927
33201
23091
30188
02161
04760
08347
37510
27555
47577
31904
12644
42870
40222
17418
02858
08157
07382
13644
06309
34957
31383
47853
28690
01836
10024
35961
03287
16177
34619
26390
00662
04759
20173
36241
30799
29453
07848
44575
11895
07543
37228
46795
06797
22090
13055
14121
14461
45974
19313
22286
41785
26007
36457
02602
02474
17031
18385
29077
13402
13662
22015
10533
30736
22123
28305
26655
46458
41666
22487
39499
10794
21217
06924
43215
38083
01529
06626
47919
41334
11953
21704
06677
30926
46944
21860
22034
00935
10714
28055
22581
37521
09279
44548
11610
46165
22021
48139
04311
30205
12828
29693
40323
48412
09200
00242
07359
10955
31981
10974
13327
22632
48811
01170
27002
28917
45697
12020
15115
47256
30308
18452
43824
06172
37426
42507
49088
17907
04924
36737
24277
12347
29804
44613
15515
35542
31506
00184
17000
45306
12118
03998
00084
03755
02134
18588
21050
11357
21144
18892
06013
38424
33923
44897
11643
04761
22485
43800
09314
04440
13444
46208
30275
03243
14405
22677
42039
08280
06047
45174
32905
21286
08515
45439
22287
38949
15504
25469
13636
31609
48250
46390
13163
46553
43362
23104
27377
12169
01873
00080
30423
33798
02490
23613
41579
44102
31834
15276
21108
24991
31328
02632
28206
12096
05413
28778
25780
45514
26685
39254
29785
34256
35947
21810
33607
24876
27533
47096
18820
31608
36170
46816
25340
33406
34312
38519
38984
05845
17426
36719
30339
06827
41292
07999
32832
15962
25628
33899
31203
03002
05478
35609
01878
36515
18208
17244
08245
21809
11721
03467
04446
48853
04520
21786
31319
02114
42938
03162
17216
11939
23260
05160
41944
16311
19419
36733
47481
24667
23247
03073
24336
00699
32886
23963
40404
42116
36245
32934
33773
29190
12124
43760
24553
23290
18703
40587
02123
29894
47687
25198
30703
46104
32964
18812
42209
37193
40551
31505
45102
47863
11651
19477
09027
05008
26081
16043
13464
34416
21743
01541
45454
07184
22301
27164
20000
26691
40193
03336
34093
32190
05692
28903
37347
38048
40210
39878
04038
17514
20829
32195
07618
05206
43504
45881
09305
03610
35194
03761
12631
32152
32490
15948
02061
05184
33460
07533
30068
47128
04785
35977
46341
37374
28556
33065
47857
43999
03390
45509
31836
45263
46394
42980
01907
33231
47616
09632
11632
05718
32406
03929
38962
41456
29029
25488
44222
00464
14449
21812
36264
19776
25202
01720
34624
40964
02668
11028
48991
31668
23611
03418
32193
35471
40857
41846
41401
20294
39298
12126
36157
34749
08229
36727
15125
30320
06210
17428
00567
04879
35171
25086
15249
01259
03413
34337
18462
29448
38463
12833
45511
35924
13317
20580
35320
09707
04578
40258
18220
44223
15039
38233
32324
38403
40945
19495
26701
44771
42736
28527
22124
31999
40838
02578
31750
38032
01230
09204
40932
08707
26365
48231
16872
13619
38043
31674
35299
35950
10447
44611
12511
03323
28902
26763
42521
36350
40463
25208
26200
39404
35085
31835
31537
40665
34486
40430
07573
47001
09318
12278
02257
05481
29866
42861
34159
31673
07779
06768
31078
43473
45887
10899
13452
35540
36997
47808
21703
06651
22076
00543
16845
42140
19461
12564
40288
27083
23965
42610
00196
46441
19370
32885
29306
20685
48214
31569
31340
31542
38058
07162
16827
10675
02709
35496
36637
26080
10289
18691
42847
48105
42056
40347
44166
32047
43392
17830
39832
14944
15479
48069
02432
40314
47774
15342
40755
18697
46473
21095
46972
30309
41350
28478
24630
01113
33828
39576
34178
16185
33404
26587
47495
37532
47698
04744
17841
46220
41805
04378
19725
35519
37846
40239
18822
14981
10939
09909
36755
46672
25840
46687
17279
31974
09415
46431
26725
38221
07406
11419
02459
43699
07689
13511
11547
20516
28967
31730
13354
43991
25718
23171
18025
41110
38933
28445
00908
02130
46401
37826
17508
38249
45460
01914
01826
26724
37834
21986
19695
15122
37606
14215
33765
01960
12470
10104
03640
21867
18266
24271
22277
26743
33987
28985
27163
30898
33405
39965
10931
17143
32042
24723
37613
06030
38284
45189
22527
22296
26937
22121
25388
22935
30714
40267
03063
22472
14907
39864
29837
04752
07451
46562
34609
28685
10136
09767
05646
34022
16044
47856
46388
16053
38121
26004
48519
30930
32841
18902
32202
07770
43607
28761
42583
00391
17572
44252
23840
43048
20595
35077
40808
27450
09635
22977
11351
48690
04037
00718
06957
16312
42523
40075
39689
12034
48026
06247
28252
24601
10490
07256
18576
05172
01414
32794
01344
24621
17196
30305
27648
03310
47388
02115
09233
41905
01592
00943
19515
24840
30914
37311
38419
21136
03432
38193
00443
00088
21851
12454
47020
25536
08040
15935
16495
15348
15857
14888
34635
47873
09529
46690
08782
08566
34440
02573
20769
21516
47344
40304
02129
10988
32701
00162
41595
47714
32797
20763
45149
35775
44972
31460
09862
06275
01879
36529
02386
39632
43628
39967
40574
44417
42013
34616
29883
48692
03249
32740
15063
30490
26708
10448
19122
31957
08897
05281
10635
35185
19817
44609
11289
10731
40608
29043
47336
33790
37391
38245
38955
26841
46442
05902
02587
40878
43047
05607
38087
21686
01443
39295
15642
42572
24095
19235
10082
19249
32229
12352
08880
44233
36166
09955
23964
42132
47925
13332
05630
36990
47999
43020
26861
19781
40629
42640
33614
37552
27022
25152
43672
40832
16433
46771
47544
00353
35533
40266
11432
11896
03301
48007
44706
03603
25107
39711
41307
05734
27218
10709
37559
17899
12584
38916
41057
48483
36168
12298
48898
47731
06271
30579
39017
02486
30544
01651
01352
45208
11027
21098
18698
00679
26884
46595
39370
09948
05635
02118
40866
32963
24312
28699
41835
46825
38839
11899
22548
32629
17228
06154
48321
13130
13593
17192
37379
45957
47756
21081
47604
45660
15966
06218
31131
40279
16700
22522
30928
05471
00615
01328
03003
32200
43889
14513
02771
15980
45640
23685
05890
02334
09597
18557
25781
24733
31514
42094
43762
05932
24275
26174
33258
48256
35750
44794
07923
45888
28469
04161
46497
10699
36491
06774
05449
48220
44702
38596
33035
15079
17985
39265
24315
47946
44050
14138
40124
36991
05366
44910
15284
12590
01642
48332
41836
37273
45771
16665
01017
40032
05883
48695
10472
32188
41642
24159
02606
19611
34618
10759
27558
33704
46315
09801
45036
18804
29689
17759
08746
35749
12559
29032
44608
13764
09212
13384
00698
26518
08925
20203
38365
21677
16123
27949
40737
35450
44709
14945
10463
46111
15767
30448
02235
18085
18699
41276
46370
00781
18324
10414
19190
05282
10847
33821
24857
45172
01909
33498
20550
47401
34711
04449
47093
15006
13959
25078
37319
29893
35994
18270
10088
04603
35084
27749
22675
10758
46635
13975
42041
22494
33008
01585
42421
06581
23926
28014
30913
03153
36033
07737
22919
13050
06252
17163
08292
07023
24272
04310
46191
37825
23921
06393
44663
37226
33310
13353
07158
13628
15764
38878
02233
43154
01849
05033
06679
00881
00663
36361
25317
28663
43241
22385
12794
45598
20771
32087
43214
00200
33974
45940
18521
43548
17905
43734
22206
37049
02482
36418
08167
42959
48274
36521
27457
12650
03837
06596
21094
15240
47214
22063
40748
26864
47106
35518
17295
13691
07346
19807
33393
43871
32833
36209
00883
46101
41587
40758
26949
02993
03311
24142
23237
12560
01539
34744
